4.10
4.10
4.16
4.13
4.31
4.33
4.44
4.47
4.63
4.67
4.71
4.84
4.90
5.10
5.08
5.31
5.30
5.42
5.47
5.60
5.71
5.88
5.98
6.14
6.23
6.29
6.51
6.61
6.79
6.94
7.04
7.16
7.31
7.42
7.58
7.70
7.88
8.09
8.26
8.28
8.56
8.65
8.94
9.00
9.26
9.42
9.55
9.69
9.89
10.23
10.26
10.52
10.79
10.99
11.21
11.39
11.64
11.90
12.06
12.34
12.52
12.79
13.06
13.36
13.57
13.83
14.11
14.46
14.75
15.02
15.27
15.60
15.88
16.17
16.49
16.87
17.18
17.54
17.86
18.29
18.59
18.80
19.37
19.66
20.08
20.38
20.86
21.19
21.74
22.04
22.60
22.96
23.49
23.83
24.33
24.89
25.34
25.83
26.28
26.78
