10.46
4.02
4.17
4.24
4.27
4.51
4.49
4.69
4.66
4.86
4.93
4.87
5.08
5.27
5.37
5.45
5.47
5.62
5.74
5.89
5.92
6.05
6.26
6.34
6.44
6.59
6.65
6.84
7.03
6.98
7.31
7.38
7.54
7.74
7.83
7.98
8.12
8.29
8.46
8.75
8.74
9.00
9.14
9.33
9.48
9.71
9.82
10.05
10.33
10.46
10.70
10.87
11.15
11.41
11.61
11.77
11.95
12.24
12.43
12.68
12.92
13.17
13.49
13.70
14.04
14.29
14.43
14.89
15.17
15.41
15.77
16.01
16.34
16.68
17.04
17.41
17.67
18.10
18.40
18.81
19.16
19.44
19.83
20.31
20.62
21.14
21.40
21.93
22.35
22.77
23.29
23.72
24.11
24.68
25.01
25.52
26.08
26.70
27.13
27.70
