4.03
3.99
4.03
4.09
4.36
4.26
4.35
4.43
4.53
4.75
4.77
4.87
4.98
5.06
5.23
5.16
5.35
5.47
5.53
5.73
5.78
5.87
5.98
6.15
6.31
6.41
6.46
6.61
6.82
6.81
7.05
7.16
7.24
7.42
7.58
7.74
7.96
8.03
8.22
8.38
8.58
8.70
8.90
9.03
9.31
9.38
9.50
9.81
9.97
10.15
10.37
10.53
10.80
10.92
11.21
11.38
11.68
11.89
12.10
12.45
12.56
12.83
13.11
13.34
13.63
13.79
14.17
14.38
14.74
15.02
15.27
15.63
15.88
16.15
16.53
16.97
17.24
17.53
17.89
18.19
18.54
18.98
19.37
19.70
20.08
20.55
20.92
21.32
21.72
22.21
22.66
22.99
23.45
23.97
24.32
24.82
25.31
25.83
26.41
26.86
