4.06
3.95
4.10
4.22
4.22
4.23
4.31
4.52
4.62
4.71
4.85
4.82
4.91
5.09
5.03
5.24
5.39
5.47
5.59
5.71
5.78
5.93
6.01
6.06
6.30
6.45
6.47
6.64
6.79
6.95
7.07
7.14
7.25
7.51
7.65
7.78
7.90
8.04
8.27
8.43
8.56
8.67
8.90
9.15
9.26
9.34
9.58
9.75
9.95
10.25
10.35
10.52
10.85
10.98
11.19
11.44
11.74
11.93
12.14
12.30
12.62
12.81
13.06
13.42
13.65
13.92
14.13
14.52
14.69
15.04
15.31
15.61
15.94
16.26
16.52
16.83
17.22
17.58
17.84
18.22
18.61
18.89
19.37
19.63
20.13
20.49
20.91
21.18
21.79
22.13
22.67
22.93
23.42
23.97
24.39
24.84
25.39
25.87
26.41
26.83
