4.64
4.03
4.10
4.25
4.14
4.32
4.49
4.44
4.64
4.76
4.76
4.93
4.98
5.03
5.16
5.22
5.37
5.44
5.54
5.74
5.76
5.90
6.06
6.14
6.30
6.31
6.63
6.65
6.78
6.88
7.09
7.27
7.33
7.57
7.73
7.79
7.91
8.05
8.20
8.31
8.58
8.83
8.87
9.14
9.29
9.33
9.66
9.84
10.02
10.24
10.42
10.61
10.82
11.03
11.23
11.48
11.78
11.90
12.18
12.33
12.62
12.89
13.09
13.43
13.66
13.95
14.25
14.47
14.79
15.07
15.32
15.74
15.89
16.22
16.67
16.93
17.20
17.56
17.94
18.29
18.64
19.01
19.37
19.72
20.09
20.52
20.88
21.36
21.75
22.13
22.62
23.05
23.56
23.98
24.50
24.98
25.25
25.99
26.44
26.98
