3.83
3.93
4.11
4.09
4.27
4.27
4.40
4.51
4.58
4.66
4.71
4.91
4.93
5.01
5.18
5.22
5.33
5.54
5.51
5.68
5.73
5.88
5.96
6.20
6.29
6.39
6.52
6.66
6.72
6.95
7.02
7.15
7.32
7.46
7.57
7.79
7.94
8.11
8.25
8.29
8.56
8.73
8.89
9.02
9.19
9.41
9.64
9.78
10.01
10.21
10.31
10.67
10.82
10.97
11.26
11.35
11.65
11.87
12.01
12.27
12.62
12.88
13.04
13.28
13.58
13.84
14.23
14.36
14.69
15.02
15.35
15.58
15.79
16.25
16.56
16.86
17.20
17.54
17.80
18.27
18.55
18.92
19.35
19.67
20.06
20.43
20.80
21.18
21.70
22.10
22.53
22.97
23.41
23.87
24.45
24.90
25.40
25.84
26.33
26.83
