4.03
3.98
4.03
4.18
4.28
4.35
4.40
4.43
4.52
4.72
4.72
4.86
4.86
5.13
5.12
5.16
5.22
5.44
5.44
5.70
5.76
5.94
6.05
6.06
6.24
6.44
6.51
6.58
6.81
6.92
6.93
7.20
7.32
7.32
7.51
7.65
7.89
8.03
8.26
8.33
8.58
8.68
8.96
9.01
9.26
9.38
9.60
9.74
9.93
10.11
10.33
10.45
10.69
10.97
11.28
11.49
11.63
11.91
11.98
12.36
12.54
12.92
13.02
13.32
13.50
13.88
14.05
14.39
14.68
15.06
15.21
15.62
15.93
16.17
16.46
16.79
17.15
17.57
17.88
18.12
18.51
18.91
19.23
19.60
19.98
20.44
20.82
21.21
21.76
22.01
22.48
23.08
23.32
23.80
24.33
24.79
25.24
25.79
26.20
26.77
