4.23
3.90
4.03
4.15
4.21
4.41
4.41
4.52
4.58
4.63
4.77
4.82
4.98
4.96
5.19
5.26
5.33
5.47
5.57
5.71
5.79
5.90
6.07
6.14
6.27
6.39
6.47
6.59
6.73
6.87
7.12
7.11
7.39
7.34
7.54
7.73
7.95
8.04
8.19
8.29
8.54
8.79
8.88
9.03
9.29
9.39
9.54
9.73
10.02
10.19
10.38
10.47
10.76
10.96
11.12
11.43
11.60
11.92
12.14
12.30
12.61
12.77
13.17
13.40
13.57
13.93
14.11
14.39
14.74
14.98
15.30
15.67
15.95
16.21
16.56
16.87
17.11
17.57
17.91
18.18
18.55
18.91
19.34
19.60
20.05
20.43
20.87
21.26
21.57
22.08
22.52
23.02
23.44
23.86
24.40
24.88
25.40
25.81
26.27
26.89
