3.89
3.92
4.11
4.14
4.21
4.42
4.36
4.54
4.63
4.61
4.70
4.79
4.93
5.01
5.19
5.27
5.37
5.44
5.69
5.69
5.84
5.91
6.03
6.15
6.34
6.40
6.48
6.60
6.72
6.84
7.01
7.21
7.30
7.40
7.61
7.76
7.88
8.05
8.21
8.41
8.49
8.67
8.79
9.05
9.27
9.38
9.61
9.85
9.99
10.19
10.38
10.61
10.79
10.97
11.24
11.35
11.59
11.88
12.07
12.33
12.60
12.73
13.14
13.42
13.65
13.91
14.18
14.46
14.67
14.97
15.39
15.61
15.92
16.14
16.45
16.90
17.14
17.54
17.76
18.11
18.49
19.04
19.26
19.67
20.03
20.39
20.90
21.24
21.58
22.14
22.55
22.91
23.41
23.97
24.37
24.82
25.37
25.76
26.33
26.72
