4.20
3.97
4.07
4.21
4.22
4.34
4.31
4.54
4.52
4.68
4.82
4.78
4.89
5.09
5.24
5.22
5.39
5.50
5.61
5.64
5.81
5.94
5.98
6.12
6.24
6.33
6.53
6.69
6.69
6.90
7.03
7.17
7.42
7.43
7.62
7.79
7.98
8.05
8.19
8.35
8.57
8.71
8.86
9.01
9.11
9.48
9.45
9.78
9.91
10.12
10.41
10.57
10.82
10.97
11.19
11.41
11.68
11.83
12.20
12.35
12.59
12.85
13.14
13.35
13.63
13.94
14.16
14.44
14.78
14.99
15.27
15.66
15.92
16.21
16.50
16.90
17.22
17.59
17.87
18.26
18.56
18.88
19.38
19.73
20.08
20.44
20.86
21.21
21.76
22.07
22.61
23.05
23.49
23.92
24.39
24.90
25.23
25.90
26.38
26.89
