10.46
4.00
4.26
4.31
4.40
4.51
4.49
4.49
4.70
4.96
4.95
5.06
5.12
5.24
5.25
5.34
5.54
5.58
5.71
5.81
5.97
6.09
6.19
6.41
6.39
6.54
6.72
6.88
6.93
7.13
7.25
7.40
7.56
7.71
7.89
8.05
8.12
8.30
8.49
8.66
8.71
8.97
9.16
9.34
9.54
9.67
9.85
10.17
10.30
10.42
10.74
10.89
11.09
11.41
11.49
11.73
12.03
12.21
12.54
12.76
13.01
13.26
13.50
13.73
14.03
14.26
14.60
14.79
15.20
15.48
15.76
16.12
16.40
16.65
17.08
17.35
17.72
18.09
18.48
18.79
19.24
19.51
19.96
20.26
20.67
21.15
21.54
21.91
22.33
22.82
23.31
23.75
24.18
24.59
25.22
25.61
26.10
26.66
27.18
27.74
