4.03
4.06
4.02
4.12
4.16
4.41
4.44
4.48
4.61
4.59
4.76
4.96
4.92
5.06
5.04
5.37
5.33
5.45
5.62
5.75
5.77
5.91
6.04
6.15
6.22
6.38
6.45
6.63
6.86
6.92
7.04
7.25
7.30
7.43
7.59
7.72
7.96
8.11
8.23
8.31
8.57
8.72
9.01
9.00
9.23
9.49
9.59
9.83
9.96
10.20
10.35
10.50
10.84
11.02
11.15
11.34
11.66
11.79
12.15
12.28
12.62
12.92
13.02
13.25
13.57
13.83
14.24
14.47
14.69
14.98
15.27
15.71
15.86
16.19
16.59
16.91
17.14
17.50
17.86
18.21
18.63
18.97
19.38
19.65
20.10
20.52
20.79
21.24
21.76
22.13
22.59
22.95
23.41
23.95
24.40
24.81
25.41
25.80
26.37
26.80
