3.83
4.03
4.13
4.18
4.26
4.26
4.40
4.44
4.58
4.74
4.72
4.90
4.91
4.99
5.24
5.24
5.36
5.43
5.46
5.68
5.77
5.91
5.96
6.20
6.21
6.33
6.47
6.60
6.71
6.91
7.00
7.15
7.28
7.35
7.53
7.74
7.91
7.99
8.18
8.32
8.51
8.69
8.99
9.06
9.23
9.27
9.57
9.82
9.84
10.12
10.33
10.55
10.69
10.96
11.15
11.44
11.63
11.80
12.04
12.28
12.51
12.80
13.15
13.30
13.56
13.83
14.21
14.40
14.75
14.95
15.28
15.65
15.80
16.17
16.59
16.78
17.22
17.49
17.83
18.18
18.55
18.91
19.25
19.69
20.04
20.44
20.84
21.22
21.68
22.02
22.61
22.95
23.42
23.95
24.33
24.83
25.26
25.79
26.29
26.74
