4.23
4.06
4.04
4.18
4.11
4.34
4.50
4.45
4.57
4.66
4.72
4.93
4.92
4.97
5.18
5.10
5.45
5.46
5.60
5.67
5.79
5.94
6.03
6.25
6.31
6.39
6.58
6.70
6.71
6.93
6.95
7.17
7.33
7.51
7.64
7.78
7.97
8.09
8.21
8.37
8.48
8.70
8.88
9.01
9.18
9.43
9.50
9.75
9.96
10.10
10.34
10.59
10.80
11.03
11.24
11.35
11.62
11.89
12.10
12.32
12.63
12.80
13.10
13.34
13.55
13.93
14.23
14.36
14.67
14.96
15.31
15.60
15.90
16.18
16.55
16.84
17.28
17.45
17.90
18.20
18.53
18.98
19.29
19.70
20.10
20.49
20.93
21.27
21.72
22.06
22.47
23.03
23.50
23.98
24.37
24.82
25.34
25.85
26.34
26.87
