4.64
4.00
4.22
4.16
4.29
4.30
4.40
4.58
4.56
4.77
4.82
4.92
4.96
5.13
5.11
5.14
5.40
5.52
5.53
5.71
5.78
5.88
6.08
6.11
6.23
6.42
6.48
6.62
6.83
7.00
6.99
7.12
7.42
7.51
7.69
7.74
7.98
8.09
8.18
8.33
8.53
8.80
8.89
8.99
9.21
9.45
9.65
9.86
9.98
10.13
10.53
10.64
10.79
10.99
11.31
11.40
11.79
11.89
12.17
12.36
12.64
12.92
13.19
13.48
13.59
13.95
14.17
14.48
14.72
14.99
15.36
15.63
15.96
16.31
16.61
16.84
17.22
17.49
17.93
18.24
18.66
19.02
19.33
19.66
20.09
20.56
20.94
21.31
21.74
22.23
22.65
22.94
23.52
24.00
24.41
24.88
25.42
25.91
26.43
27.00
