4.03
3.97
4.07
4.25
4.32
4.33
4.35
4.42
4.60
4.83
4.73
4.92
4.93
5.09
5.14
5.26
5.30
5.46
5.49
5.77
5.84
5.84
6.07
6.11
6.27
6.38
6.44
6.71
6.71
6.92
7.09
7.18
7.34
7.45
7.55
7.78
7.93
8.14
8.31
8.43
8.48
8.75
8.86
9.02
9.27
9.37
9.63
9.79
9.95
10.24
10.41
10.59
10.84
11.04
11.21
11.48
11.72
11.88
12.16
12.42
12.54
12.87
13.03
13.30
13.61
13.88
14.14
14.48
14.80
14.96
15.30
15.54
15.82
16.21
16.47
16.89
17.14
17.57
17.84
18.21
18.63
18.93
19.22
19.71
20.10
20.41
20.89
21.23
21.69
22.15
22.62
22.93
23.46
23.97
24.52
24.96
25.40
25.87
26.29
26.82
