3.89
4.01
4.15
4.25
4.26
4.36
4.43
4.44
4.55
4.67
4.73
4.88
5.01
5.06
5.10
5.25
5.36
5.53
5.52
5.72
5.82
5.95
6.09
6.14
6.25
6.40
6.53
6.62
6.64
6.82
7.09
7.19
7.31
7.43
7.58
7.77
7.77
8.01
8.25
8.39
8.49
8.85
8.90
9.05
9.19
9.44
9.58
9.73
9.94
10.20
10.41
10.58
10.74
10.95
11.12
11.54
11.55
11.86
12.10
12.39
12.49
12.83
13.08
13.39
13.54
13.84
14.16
14.50
14.74
14.97
15.33
15.57
15.88
16.29
16.50
16.87
17.20
17.46
17.91
18.11
18.56
18.94
19.29
19.82
20.03
20.52
20.80
21.29
21.70
22.23
22.58
22.98
23.44
23.91
24.35
24.84
25.30
25.81
26.50
26.79
