4.20
3.98
4.02
4.17
4.34
4.32
4.46
4.45
4.59
4.72
4.82
4.98
5.03
5.08
5.14
5.32
5.33
5.42
5.55
5.64
5.76
5.85
6.03
6.11
6.23
6.40
6.43
6.59
6.78
6.73
6.94
7.24
7.30
7.48
7.62
7.74
7.86
8.01
8.17
8.37
8.48
8.66
8.88
9.07
9.21
9.37
9.68
9.77
9.92
10.12
10.32
10.54
10.82
10.95
11.19
11.37
11.65
11.86
12.17
12.38
12.51
12.78
13.00
13.35
13.68
13.88
14.08
14.51
14.71
14.97
15.26
15.65
15.89
16.14
16.60
16.87
17.16
17.45
17.88
18.12
18.62
18.99
19.36
19.68
20.13
20.46
20.94
21.30
21.60
22.16
22.53
23.06
23.47
23.84
24.44
24.81
25.32
25.79
26.33
26.84
