4.10
4.00
4.07
4.13
4.25
4.29
4.56
4.46
4.49
4.70
4.76
4.78
4.94
5.12
5.18
5.29
5.38
5.55
5.59
5.57
5.86
5.85
6.06
6.07
6.11
6.40
6.48
6.67
6.85
6.88
7.14
7.14
7.35
7.46
7.70
7.71
7.89
7.99
8.32
8.41
8.54
8.72
8.83
9.04
9.24
9.45
9.58
9.81
9.99
10.22
10.34
10.63
10.74
10.98
11.32
11.50
11.71
11.84
12.04
12.39
12.66
12.83
13.07
13.42
13.57
13.89
14.10
14.43
14.74
15.07
15.29
15.57
16.01
16.24
16.48
16.87
17.17
17.46
17.89
18.26
18.56
18.91
19.41
19.86
20.12
20.38
20.88
21.31
21.69
22.05
22.50
22.97
23.45
23.96
24.42
24.90
25.32
25.94
26.28
26.91
