4.06
4.02
4.02
4.15
4.27
4.38
4.38
4.50
4.68
4.75
4.74
4.78
4.89
5.07
5.09
5.30
5.43
5.50
5.55
5.64
5.84
5.77
5.96
6.14
6.24
6.37
6.53
6.67
6.66
6.86
6.91
7.18
7.28
7.47
7.54
7.77
7.92
7.95
8.27
8.42
8.51
8.67
8.85
8.97
9.21
9.43
9.66
9.85
9.84
10.14
10.39
10.56
10.78
11.00
11.24
11.47
11.66
11.87
12.13
12.31
12.58
12.78
13.13
13.34
13.59
13.88
14.21
14.48
14.71
15.06
15.22
15.54
15.92
16.22
16.45
16.82
17.11
17.54
17.81
18.12
18.49
18.91
19.34
19.70
20.09
20.39
20.81
21.19
21.68
22.07
22.55
22.98
23.42
23.91
24.36
24.84
25.33
25.83
26.35
26.78
