2.71
2.82
2.90
2.99
3.08
3.17
3.26
3.35
3.45
3.55
3.65
3.76
3.87
3.98
4.10
4.22
4.34
4.47
4.60
4.73
4.87
5.01
5.16
5.31
5.46
5.62
5.79
5.96
6.13
6.31
6.49
6.68
6.88
7.08
7.28
7.49
7.71
7.94
8.17
8.41
8.65
8.90
9.16
9.43
9.71
9.99
10.28
10.58
10.89
11.21
11.53
11.87
12.22
12.57
12.94
13.31
13.70
14.10
14.51
14.94
15.37
15.82
16.28
16.76
17.24
17.75
18.26
18.80
19.34
19.91
20.49
21.09
21.70
22.33
22.98
23.65
24.34
25.05
25.78
26.54
27.31
28.10
28.92
29.77
30.63
31.53
32.45
33.39
34.37
35.37
36.40
37.46
38.55
39.68
40.83
42.02
43.25
44.51
45.81
47.14
