3.47
5.61
5.71
5.88
6.05
6.23
6.41
6.59
6.79
6.98
7.19
7.40
7.61
7.84
8.06
8.30
8.54
8.79
9.05
9.31
9.58
9.86
10.15
10.44
10.75
11.06
11.38
11.72
12.06
12.41
12.77
13.14
13.53
13.92
14.33
14.74
15.17
15.62
16.07
16.54
17.02
17.52
18.03
18.55
19.09
19.65
20.22
20.81
21.42
22.04
22.69
23.35
24.03
24.73
25.45
26.19
26.96
27.74
28.55
29.38
30.24
31.12
32.03
32.96
33.92
34.91
35.93
36.98
38.05
39.16
40.31
41.48
42.69
43.93
45.21
46.53
47.89
49.28
50.72
52.20
53.72
55.29
56.90
58.56
60.26
62.02
63.83
65.69
67.60
69.58
71.60
73.69
75.84
78.05
80.32
82.67
85.08
87.56
90.11
92.74
