3.78
3.08
3.20
3.29
3.38
3.48
3.58
3.69
3.80
3.91
4.02
4.14
4.26
4.38
4.51
4.64
4.78
4.92
5.06
5.21
5.36
5.52
5.68
5.84
6.01
6.19
6.37
6.55
6.75
6.94
7.14
7.35
7.57
7.79
8.01
8.25
8.49
8.74
8.99
9.25
9.52
9.80
10.09
10.38
10.68
10.99
11.31
11.64
11.98
12.33
12.69
13.06
13.44
13.83
14.24
14.65
15.08
15.52
15.97
16.44
16.92
17.41
17.92
18.44
18.98
19.53
20.10
20.69
21.29
21.91
22.55
23.21
23.88
24.58
25.29
26.03
26.79
27.57
28.38
29.20
30.05
30.93
31.83
32.76
33.71
34.70
35.71
36.75
37.82
38.92
40.06
41.23
42.43
43.66
44.94
46.25
47.59
48.98
50.41
51.88
