2.21
2.36
2.43
2.50
2.57
2.64
2.72
2.80
2.88
2.97
3.05
3.14
3.23
3.33
3.43
3.53
3.63
3.73
3.84
3.95
4.07
4.19
4.31
4.44
4.57
4.70
4.84
4.98
5.12
5.27
5.42
5.58
5.75
5.91
6.09
6.26
6.45
6.63
6.83
7.03
7.23
7.44
7.66
7.88
8.11
8.35
8.59
8.84
9.10
9.36
9.64
9.92
10.21
10.50
10.81
11.13
11.45
11.78
12.13
12.48
12.84
13.22
13.60
14.00
14.41
14.83
15.26
15.71
16.16
16.64
17.12
17.62
18.13
18.66
19.21
19.77
20.34
20.93
21.54
22.17
22.82
23.48
24.17
24.87
25.60
26.34
27.11
27.90
28.72
29.55
30.42
31.30
32.21
33.15
34.12
35.11
36.14
37.19
38.28
39.39
