3.96
3.15
3.27
3.36
3.46
3.56
3.66
3.77
3.88
3.99
4.11
4.23
4.35
4.48
4.61
4.75
4.88
5.03
5.17
5.32
5.48
5.64
5.80
5.97
6.15
6.33
6.51
6.70
6.90
7.10
7.30
7.52
7.74
7.96
8.19
8.43
8.68
8.93
9.19
9.46
9.74
10.02
10.31
10.61
10.92
11.24
11.57
11.90
12.25
12.61
12.98
13.35
13.74
14.14
14.56
14.98
15.42
15.87
16.33
16.81
17.29
17.80
18.32
18.85
19.40
19.97
20.55
21.15
21.76
22.40
23.05
23.72
24.42
25.13
25.86
26.61
27.39
28.19
29.01
29.85
30.73
31.62
32.54
33.49
34.47
35.47
36.51
37.57
38.67
39.79
40.95
42.15
43.37
44.64
45.94
47.28
48.66
50.08
51.54
53.04
