2.34
5.18
5.25
5.41
5.57
5.73
5.89
6.07
6.24
6.43
6.61
6.81
7.00
7.21
7.42
7.63
7.86
8.09
8.32
8.56
8.81
9.07
9.34
9.61
9.89
10.18
10.47
10.78
11.09
11.42
11.75
12.09
12.44
12.81
13.18
13.56
13.96
14.37
14.78
15.21
15.66
16.11
16.58
17.07
17.57
18.08
18.60
19.15
19.71
20.28
20.87
21.48
22.11
22.75
23.41
24.10
24.80
25.52
26.26
27.03
27.82
28.63
29.46
30.32
31.21
32.12
33.05
34.02
35.01
36.03
37.08
38.16
39.27
40.42
41.59
42.81
44.05
45.34
46.66
48.02
49.42
50.86
52.34
53.87
55.44
57.05
58.72
60.43
62.19
64.00
65.87
67.79
69.77
71.80
73.89
76.05
78.26
80.54
82.89
85.31
