2.05
1.86
1.92
1.97
2.03
2.09
2.15
2.21
2.28
2.34
2.41
2.48
2.55
2.63
2.71
2.78
2.87
2.95
3.04
3.12
3.21
3.31
3.40
3.50
3.61
3.71
3.82
3.93
4.05
4.16
4.28
4.41
4.54
4.67
4.81
4.95
5.09
5.24
5.39
5.55
5.71
5.88
6.05
6.23
6.41
6.59
6.79
6.98
7.19
7.40
7.61
7.83
8.06
8.30
8.54
8.79
9.04
9.31
9.58
9.86
10.15
10.44
10.75
11.06
11.38
11.71
12.06
12.41
12.77
13.14
13.52
13.92
14.32
14.74
15.17
15.61
16.07
16.54
17.02
17.51
18.02
18.55
19.09
19.65
20.22
20.81
21.42
22.04
22.68
23.34
24.02
24.73
25.45
26.19
26.95
27.74
28.55
29.38
30.23
31.12
