3.75
2.60
2.71
2.79
2.87
2.95
3.04
3.13
3.22
3.31
3.41
3.51
3.61
3.72
3.83
3.94
4.05
4.17
4.29
4.42
4.55
4.68
4.82
4.96
5.10
5.25
5.40
5.56
5.72
5.89
6.06
6.24
6.42
6.61
6.80
7.00
7.20
7.41
7.63
7.85
8.08
8.31
8.56
8.80
9.06
9.33
9.60
9.88
10.17
10.46
10.77
11.08
11.40
11.74
12.08
12.43
12.79
13.17
13.55
13.94
14.35
14.77
15.20
15.64
16.10
16.57
17.05
17.55
18.06
18.59
19.13
19.68
20.26
20.85
21.46
22.08
22.73
23.39
24.07
24.77
25.49
26.24
27.00
27.79
28.60
29.43
30.29
31.17
32.08
33.02
33.98
34.97
35.99
37.04
38.12
39.23
40.37
41.55
42.76
44.01
