2.45
4.31
4.39
4.52
4.65
4.78
4.92
5.07
5.21
5.37
5.52
5.68
5.85
6.02
6.20
6.38
6.56
6.75
6.95
7.15
7.36
7.58
7.80
8.02
8.26
8.50
8.75
9.00
9.26
9.53
9.81
10.10
10.39
10.70
11.01
11.33
11.66
12.00
12.35
12.71
13.08
13.46
13.85
14.26
14.67
15.10
15.54
15.99
16.46
16.94
17.43
17.94
18.46
19.00
19.56
20.13
20.71
21.32
21.94
22.58
23.23
23.91
24.61
25.33
26.06
26.82
27.61
28.41
29.24
30.09
30.97
31.87
32.80
33.76
34.74
35.75
36.80
37.87
38.97
40.11
41.28
42.48
43.72
44.99
46.30
47.65
49.04
50.47
51.94
53.46
55.02
56.62
58.27
59.97
61.72
63.52
65.37
67.27
69.24
71.25
