2.15
2.78
2.85
2.93
3.02
3.10
3.19
3.29
3.38
3.48
3.58
3.69
3.80
3.91
4.02
4.14
4.26
4.38
4.51
4.64
4.78
4.92
5.06
5.21
5.36
5.51
5.67
5.84
6.01
6.19
6.37
6.55
6.74
6.94
7.14
7.35
7.56
7.78
8.01
8.24
8.48
8.73
8.99
9.25
9.52
9.80
10.08
10.38
10.68
10.99
11.31
11.64
11.98
12.33
12.69
13.06
13.44
13.83
14.23
14.65
15.07
15.51
15.97
16.43
16.91
17.40
17.91
18.43
18.97
19.52
20.09
20.68
21.28
21.90
22.54
23.20
23.87
24.57
25.28
26.02
26.78
27.56
28.36
29.19
30.04
30.92
31.82
32.74
33.70
34.68
35.69
36.73
37.80
38.91
40.04
41.21
42.41
43.64
44.92
46.23
